200
220
221
222
223
230
232
233
235
237
238
241
243
244
245
247
255
257
258
259
261
263
265
266
271
273
275
277
278
279
280
282
285
286
287
288
300
322
324
326
328
329
332
333
335
338
342
344
346
348
349
350
362
363
366
367
368
381
382
383
384
388
389
400
420
421
422
426
427
428
429
433
436
439
444
446
448
449
451
452
453
454
455
457
459
460
461
462
463
465
466
467
468
471
472
476
477
481
482
483
485
486
487
488
489
535
536
537
546
548
550
558
560
565
568
572
576
583
584
621
622
624
625
629
632
633
634
635
637
638
640
642
643
644
645
648
652
653
654
655
656
663
665
666
668
673
674
675
676
677
680
683
685
686
687
688
722
723
725
726
728
729
733
735
736
738
739
741
743
744
745
746
748
749
750
751
752
753
755
756
759
766
768
771
776
777
782
783
788
789
800
820
821
823
824
826
827
834
836
837
838
839
840
841
842
846
851
852
853
854
855
861
871
874
875
877
879
883
884
885
886
887
888
889
900
930
932
933
934
942
943
944
945
946
948
953
955
957
958
974
976
977
981
982
983
986
987
988